6.002802364
6.002807583
0.027526056
0.027531275
7.49491103
6.002812802
7.682037985
6.995167592
0.027536494
7.494916249
0.027541713
7.755463357
7.494921468
0.977938843
7.044455774
7.755468576
0.027546932
7.494926686
3.327496694
3.084456646
1.060716925
7.494931905
0.060945562
3.826174234
7.139531071
7.660500498
5.73821661
3.315276481
7.755473795
3.339699184
7.755479014
0.249635283
0.027552151
6.995172811
7.494937124
0.214337256
4.090388506
6.316083973
2.837868503
2.767546298
2.314145455
7.755484233
7.811004235
7.755489452
0.02755737
7.75549467
4.267945373
7.755499889
1.973453547
7.816567283
6.28569691
0.027562588
3.874101579
7.012730809
2.229980726
6.99517803
6.002818021
7.755505108
7.056707597
6.002823239
2.321344159
1.006002475
3.492018672
7.023776907
0.366232762
4.179246522
6.002828458
2.308838438
7.804685465
3.833645145
6.995183249
0.027567807
4.267950592
3.643787776
2.23489214
3.380336314
7.780033128
3.836522408
7.591927266
0.911613747
4.982281649
1.207664608
6.002833677
6.284163623
3.846177093
1.973458766
7.039604052
7.494942343
0.027573026
0.035863332
6.316089192
7.755510327
6.995188468
3.128996174
3.468817617
1.124477026
0.003625088
7.755515546
5.002013272
4.590385261
6.256096827
6.316094411
0.363958717
7.812476052
3.846182312
6.039123379
6.248166015
7.037065516
6.308192167
2.890498309
7.767501599
7.755520765
6.3781652
6.002838896
7.755525984
0.027578245
7.564948911
7.818781195
0.111469665
7.689681707
0.410704244
2.441483907
4.877895797
7.018919234
0.580452607
2.445974428
7.494947562
6.283579477
7.494952781
7.07010285
7.755531202
3.3152817
4.611423378
4.630306125
7.494958
3.49360878
6.002844115
6.002849334
6.995193687
3.045062864
7.755536421
1.127518086
1.204313132
7.728774656
3.39993531
6.27328759
0.596981673
3.810273093
0.027583464
7.75554164
7.012979495
7.014503221
7.007440382
7.755546859
2.767551517
6.300072603
2.229985945
7.755552078
3.846187531
0.023104053
7.822623557
6.002854553
0.063172286
7.755557297
7.054498415
2.003631992
7.052067245
3.84250132
1.780517367
7.034266753
1.85565831
7.494963219
2.179071237
7.681253102
0.027588683
3.326650515
6.002859772
7.045456113
3.315286919
7.798135176
0.027593902
7.793635413
7.048003039
6.001440597
0.027599121
4.247093612
0.027604339
4.910247811
7.755562516
3.315292138
1.112072316
7.494968437
0.027609558
2.031172056
7.817888329
1.985309723
0.027614777
7.021623442
0.924540937
1.799701242
4.260434174
0.985563794
2.928931956
7.494973656
3.315297357
7.034659047
4.995813214
6.294532347
6.995198906
7.668689543
7.755567735
7.494978875
6.039128598
1.13372769
7.755572953
4.584828615
4.267955811
0.101439606
3.846192749
0.027619996
7.494984094
6.039133817
7.773700072
7.051899441
3.846197968
7.755578172
2.991310162
3.842441329
0.027625215
3.388800845
6.999743078
6.995204124
7.765939327
7.755583391
0.12225397
2.767556736
3.82335416
7.75558861
0.027630434
2.909382499
3.82599688
1.661579921
0.027635653
4.26796103
7.755593829
0.027640871
7.03672011
7.755599048
3.315302575
2.32996282
7.779191599
1.217698324
7.494989313
0.177042699
3.940722987
3.846203187
6.31609963
0.941977564
7.755604267
7.767930183
7.09007136
4.088905877
7.760187946
7.821987926
7.494994532
1.834353702
6.197685893
0.911618966
7.494999751
7.755609485
4.594468819
3.089186891
7.495004969
1.834977173
7.755614704
3.473709364
1.837630891
1.079758542
6.316104849
2.28959865
0.02764609
4.117541037
6.00286499
3.40109071
4.579360348
7.495010188
4.60246809
6.308359031
7.755619923
3.846208406
4.937278001
0.184196671
6.316110068
7.495015407
7.048897172
7.82224606
7.755625142
7.755630361
6.036203373
4.625108563
0.403639311
2.896047987
7.495020626
4.59275263
6.995209343
4.20203634
6.039139036
2.767561955
2.846630903
0.027651309
3.129001393
7.063787007
7.61589447
6.995214562
4.612858555
6.002870209
3.391552365
3.607244235
7.75563558
3.373379954
7.495025845
6.316115286
0.076505193
7.495031064
4.670684073
4.600676771
2.909387718
2.984846871
6.002875428
0.027656528
7.784541068
2.237165754
3.673145002
0.027661747
1.975570695
2.234450152
3.847529754
0.027666966
7.037801266
7.755640799
2.885585589
1.667601198
7.771796661
6.371571748
3.510019132
7.063740844
4.267966249
3.405353125
4.616487622
7.577725953
1.15568636
7.755646018
1.741045793
7.755651236
4.091067185
7.755656455
2.909392937
3.356518757
4.678974904
7.755661674
7.755666893
6.248740316
2.187999776
0.040000844
6.002880647
0.205454608
6.002885866
7.495036283
7.042420716
6.995219781
1.000273304
7.108760671
7.755672112
6.995225
7.495041502
3.814680388
0.033499727
0.027672185
7.806346868
0.027677404
3.334210219
4.579365567
0.027682622
7.755677331
2.821487292
7.75568255
3.487626626
0.265656829
1.208337445
2.359101793
7.755687768
6.039144255
0.941700412
1.020058591
3.352225823
4.176075168
2.866342048
7.005473922
7.728779875
4.595397878
3.091873884
0.027687841
6.995230219
2.768748227
7.755692987
2.157740938
0.102366187
7.755698206
2.306050985
0.223700627
0.02769306
7.755703425
6.381321422
7.755708644
6.002891085
6.352481944
3.819947836
3.846213625
7.49504672
3.888399168
3.463559206
0.027698279
4.647336783
7.594504005
0.027703498
2.316217604
7.755713863
4.640269911
2.86062511
7.698139236
6.099503555
0.027708717
3.846218844
0.027713936
7.803376102
3.808950255
7.504166053
2.767567174
7.495051939
7.755719082
2.010232638
3.447710046
7.700905746
7.755724301
1.217703543
3.805039436
3.435837894
6.300815483
4.895458477
0.027719154
3.846224063
7.586871632
0.027724373
2.796558289
6.014580385
6.002896304
0.29122908
7.755729519
7.495057158
2.318043946
7.827829443
0.932216863
7.495062377
5.91915192
3.819289145
0.249571204
4.584994407
6.997755686
3.815622652
7.823549045
0.411455156
0.027729592
7.755734738
7.495067596
7.755739957
6.246775775
7.755745176
7.755750395
0.122538391
7.755755614
4.596734116
0.027734811
7.495072815
7.755760833
4.613732805
3.369703493
6.304907319
3.834297073
6.039149474
6.306470228
3.320234576
7.035055693
6.316120505
7.495078034
6.290172455
2.931019974
7.755766051
7.050026865
7.75577127
4.087414611
7.498967769
6.316125724
4.5843845
1.198122652
6.995235438
2.319286081
1.734448616
4.890353646
1.088840936
7.109479355
7.755776489
7.018991804
4.596481652
6.316130943
1.973463985
6.039154693
7.755781708
7.133769596
4.601392697
3.846229282
7.008064505
6.002901522
3.601637533
6.08919974
1.093499894
0.02774003
4.63904177
3.815661035
4.998330801
4.048088704
7.755786927
3.864047886
3.840100205
7.755792146
3.864515653
4.267971467
3.404114018
2.248228199
6.251191267
6.316136162
2.471089924
6.244133354
0.929462892
7.764993353
7.101967361
7.495083252
7.755797365
7.802195004
1.025830009
1.013883982
6.995240657
1.705165613
2.229991164
7.495088471
2.347284269
2.767572392
0.080272924
2.81703194
4.048093923
7.49509369
7.83057336
6.039159912
4.600298971
3.8462345
3.419901586
7.576644859
7.628053573
4.944828151
7.495098909
6.995245875
2.909398156
7.779908234
4.267976686
4.048099142
7.755802584
4.624991395
0.586271006
7.755807802
7.755813021
4.048104361
7.024637014
0.470017947
6.279758463
4.945142008
3.846239719
7.786919942
2.229996382
3.06999426
6.002906741
6.316141381
6.995251094
0.027745249
0.027750468
0.250502795
6.274656914
0.027755687
4.865575279
3.846244938
7.003610378
7.75581824
0.158432143
1.66158514
7.755823459
0.057782849
7.755828678
6.00291196
6.995256313
6.995261532
6.03916513
6.252627956
6.3161466
6.239779447
6.316151819
0.027760905
0.027766124
6.254661375
2.132095835
7.578602036
6.26927062
7.76500379
6.002917179
3.813852612
7.819642671
4.267981905
4.242714154
0.61008662
3.832196951
2.379092362
4.587955047
7.015853892
3.846250157
0.066140174
4.070402317
4.160519624
0.027771343
0.911624185
0.027776562
0.027781781
7.755833897
2.909403375
0.027787
2.439260903
2.308133963
7.722189114
6.300259988
3.507258844
4.227765004
2.142644646
7.702756113
7.755839116
0.027792219
7.018500809
7.059793467
6.270470129
0.027797438
7.495104128
4.621899698
7.00604635
7.495109347
1.794628784
1.661590358
5.791281574
7.774717587
4.267987124
0.027802656
2.980153777
1.69130826
3.829948029
3.37316895
7.798610552
7.755844335
4.267992343
4.582881593
3.399382858
6.002922398
2.049204627
7.755849553
5.77025997
7.018035842
3.823186745
7.639986677
4.188127474
3.846255376
0.970137413
7.712403322
7.810787834
3.846260595
2.768291619
6.316157037
4.086113767
6.356172647
1.217708762
0.45118521
1.017060726
6.270954826
3.846265814
0.027807875
7.068675035
0.027813094
0.448743549
0.027818313
7.755854772
3.357916998
4.588515242
4.211062566
3.807151499
0.027823532
0.014822109
0.911629404
2.270841645
0.027828751
4.597731734
3.93405065
4.85417696
7.495114566
7.495119785
3.379155394
7.824403269
7.755859991
2.866420547
7.769556803
7.75586521
7.495125003
1.723512283
7.755870429
7.495130222
2.440093097
6.367337093
6.316162256
6.291536609
7.118446691
4.111539962
4.991494174
7.067485744
1.069282109
0.02783397
7.755875648
7.495135441
4.62310382
7.006246265
0
0.027839188
7.007923552
3.914694251
4.267997562
4.268002781
2.235274092
7.755880867
3.846271033
2.909408594
7.755886085
3.406264416
7.766398218
3.323250724
0.651585256
6.305492995
0.027844407
6.995266751
7.755891304
0.027849626
2.784986859
2.23340578
2.390609565
7.079773204
1.865381661
0.113581835
7.822026877
7.037119839
1.126681223
6.295807465
7.027454297
7.755896523
3.026184798
6.316167475
6.117052166
4.955772339
6.002927617
6.002932836
2.788981572
7.760018601
7.728785094
6.243892769
6.99527197
6.039170349
7.0004136
3.542241561
4.627602625
7.755959914
7.49514066
6.316172694
3.674374891
1.661595577
0.030154646
0.139398228
4.268008
3.399748876
0.027854845
7.763375946
2.230001601
1.82525893
7.755901742
2.17200703
5.761486087
7.138765712
